Running for 196.0 seconds (196 samples at 1.0 second intervals).
Power measurements will start in 2 seconds time.

Waiting 2 seconds before starting (gathering samples). Waiting 1 seconds before starting (gathering samples).                                                                                  Time    User  Nice   Sys  Idle    IO  Run Ctxt/s  IRQ/s Fork Exec Exit  Watts   pkg-0 uncore  pkg-0   dram   core   dram   psys   SEN1   TSKN   B0D4   TMEM   SEN2   SEN3 x86_pk pch_ca iwlwif INT340   SEN4  CPU Freq
16:01:54   0.0   0.0   0.1  99.9   0.0    1    421    253    0    0    0   0.69    0.34   0.00   0.34   0.29   0.13   0.29   0.43  23.05  23.05  26.05  23.05  21.05  25.05  26.00  24.00  23.00  20.00  23.05  1.15 GHz
16:01:55   0.0   0.0   0.1  99.9   0.0    1    343    199    0    0    0   0.71    0.36   0.00   0.36   0.29   0.15   0.29   0.45  23.05  23.05  26.05  23.05  21.05  25.05  27.00  23.00  23.00  20.00  23.05  1.21 GHz
16:01:56   0.1   0.0   0.1  99.7   0.0    1    378    212    0    0    0   0.63    0.32   0.00   0.32   0.29   0.13   0.29   0.42  23.05  23.05  26.05  23.05  21.05  25.05  27.00  22.00  23.00  20.00  23.05  1.22 GHz
16:01:57   0.1   0.0   0.1  99.7   0.0    1    415    308    0    0    0   1.05    0.52   0.00   0.52   0.29   0.27   0.29   0.56  23.05  23.05  26.05  23.05  21.05  25.05  27.00  23.00  23.00  20.00  23.05  1.44 GHz
16:01:58   0.0   0.0   0.1  99.7   0.1    1    500    261    0    0    0   0.79    0.39   0.00   0.39   0.30   0.15   0.30   0.54  23.05  23.05  26.05  23.05  22.05  25.05  27.00  24.00  23.00  20.00  23.05  1.24 GHz
16:01:59   0.1   0.0   0.3  99.6   0.0    1    356    212    0    0    0   0.65    0.33   0.00   0.33   0.29   0.12   0.29   0.44  23.05  23.05  26.05  23.05  22.05  25.05  27.00  23.00  23.00  20.00  23.05  1.18 GHz
16:02:00   0.1   0.0   0.1  99.7   0.0    1    363    213    0    0    0   0.69    0.35   0.00   0.35   0.29   0.14   0.29   0.42  23.05  23.05  26.05  23.05  21.05  25.05  27.00  24.00  23.00  20.00  23.05  1.20 GHz
16:02:01   0.0   0.0   0.3  99.7   0.0    1    395    302    0    0    0   1.00    0.50   0.00   0.50   0.29   0.28   0.29   0.48  23.05  23.05  26.05  23.05  21.05  25.05  27.00  23.00  23.00  20.00  23.05  1.36 GHz
16:02:02   0.1   0.0   0.1  99.7   0.0    1    369    219    0    0    0   0.71    0.35   0.00   0.35   0.29   0.13   0.29   0.48  23.05  23.05  26.05  23.05  21.05  25.05  27.00  23.00  23.00  20.00  23.05  1.33 GHz
16:02:03   0.0   0.0   0.3  99.7   0.0    1    362    233    0    0    0   0.73    0.36   0.00   0.36   0.29   0.14   0.29   0.49  23.05  23.05  26.05  23.05  21.05  25.05  27.00  24.00  23.00  20.00  23.05  1.28 GHz
16:02:04   0.1   0.0   0.1  99.7   0.0    1    392    225    0    0    0   0.71    0.36   0.00   0.36   0.29   0.15   0.29   0.45  23.05  23.05  26.05  23.05  21.05  25.05  26.00  24.00  23.00  20.00  23.05  1.29 GHz
16:02:05   0.1   0.0   0.4  99.5   0.0    1    385    299    0    0    0   1.02    0.51   0.00   0.51   0.29   0.30   0.29   0.52  23.05  23.05  26.05  23.05  21.05  25.05  27.00  23.00  23.00  20.00  23.05  1.46 GHz
16:02:06   0.0   0.0   0.3  99.7   0.0    1    418    253    0    0    0   0.76    0.38   0.00   0.38   0.29   0.16   0.29   0.52  23.05  23.05  26.05  23.05  21.05  25.05  27.00  22.00  23.00  20.00  23.05  1.37 GHz
16:02:07   0.0   0.0   0.0  99.9   0.1    1    357    213    0    0    1   0.71    0.36   0.00   0.36   0.29   0.12   0.29   0.51  23.05  23.05  26.05  23.05  21.05  25.05  27.00  23.00  23.00  20.00  23.05  1.36 GHz
16:02:08   0.1   0.0   0.1  99.7   0.0    1    378    221    0    0    0   0.62    0.31   0.00   0.31   0.29   0.11   0.29   0.43  23.05  23.05  26.05  23.05  21.05  25.05  27.00  21.00  23.00  20.00  23.05  1.22 GHz
16:02:09   0.0   0.0   0.4  99.6   0.0    1    427    308    0    0    0   0.93    0.47   0.00   0.46   0.29   0.24   0.29   0.50  23.05  23.05  26.05  23.05  21.05  25.05  27.00  22.00  23.00  20.00  23.05  1.39 GHz
16:02:10   0.1   0.0   0.0  99.9   0.0    1    395    238    0    0    0   0.73    0.36   0.00   0.36   0.29   0.16   0.29   0.44  23.05  23.05  26.05  23.05  21.05  25.05  27.00  23.00  23.00  20.00  23.05  1.26 GHz
16:02:11   0.0   0.0   0.3  99.7   0.0    1    313    189    0    0    0   0.62    0.31   0.00   0.31   0.29   0.11   0.29   0.39  23.05  23.05  26.05  23.05  21.05  25.05  27.00  23.00  23.00  20.00  23.05  1.24 GHz
16:02:12   0.1   0.0   0.3  99.6   0.0    1    375    216    0    0    0   0.69    0.35   0.00   0.35   0.29   0.11   0.29   0.51  23.05  23.05  26.05  23.05  21.05  25.05  27.00  22.00  23.00  20.00  23.05  1.28 GHz
16:02:13   0.0   0.0   0.3  99.6   0.1    1    442    338    1    0    0   1.05    0.52   0.00   0.52   0.29   0.28   0.29   0.56  23.05  23.05  26.05  23.05  21.05  25.05  27.00  22.00  23.00  20.00  23.05  1.35 GHz
16:02:14   0.1   0.0   0.1  99.7   0.0    1    363    218    0    0    0   0.65    0.32   0.00   0.32   0.29   0.11   0.29   0.42  23.05  23.05  26.05  23.05  21.05  25.05  27.00  22.00  23.00  20.00  23.05  1.29 GHz
16:02:15   0.4   0.0   0.3  99.4   0.0    1    343    230    0    0    0   0.72    0.36   0.00   0.36   0.29   0.15   0.29   0.47  23.05  23.05  26.05  23.05  21.05  25.05  27.00  23.00  23.00  20.00  23.05  1.29 GHz
16:02:16   0.1   0.0   0.3  99.6   0.0    1    343    201    0    0    0   0.63    0.31   0.00   0.32   0.29   0.11   0.29   0.40  23.05  23.05  26.05  23.05  21.05  25.05  27.00  24.00  23.00  20.00  23.05  1.28 GHz
16:02:17   0.0   0.0   0.3  99.7   0.0    1    362    290    0    0    0   1.02    0.51   0.00   0.51   0.29   0.24   0.29   0.63  23.05  23.05  26.05  23.05  21.05  25.05  27.00  24.00  23.00  20.00  23.05  1.36 GHz
16:02:18   0.1   0.0   0.1  99.7   0.0    1    421    270    0    0    0   0.71    0.36   0.00   0.35   0.29   0.14   0.29   0.45  23.05  23.05  26.05  23.05  21.05  25.05  27.00  23.00  23.00  20.00  23.05  1.29 GHz
16:02:19   0.0   0.0   0.3  99.7   0.0    1    393    237    0    0    0   0.67    0.33   0.00   0.33   0.29   0.11   0.29   0.44  23.05  23.05  26.05  23.05  21.05  25.05  27.00  23.00  23.00  20.00  23.05  1.20 GHz
16:02:20   0.3   0.0   0.3  99.4   0.1    1    391    254    0    0    0   0.75    0.37   0.00   0.37   0.29   0.14   0.29   0.50  23.05  23.05  26.05  23.05  21.05  25.05  27.00  22.00  23.00  20.00  23.05  1.20 GHz
16:02:21   0.1   0.0   0.1  99.7   0.0    1    377    269    0    0    0   0.75    0.37   0.00   0.37   0.29   0.17   0.29   0.43  23.05  23.05  26.05  23.05  21.05  25.05  27.00  22.00  23.00  20.00  23.05  1.36 GHz
16:02:22   0.0   0.0   0.1  99.9   0.0    1    355    211    0    0    0   0.76    0.38   0.00   0.38   0.29   0.14   0.29   0.47  23.05  23.05  26.05  23.05  21.05  25.05  27.00  22.00  23.00  20.00  23.05  1.31 GHz
16:02:23   0.0   0.0   0.1  99.9   0.0    1    405    272    0    0    0   0.74    0.37   0.00   0.37   0.29   0.15   0.29   0.50  23.05  23.05  26.05  23.05  21.05  25.05  27.00  23.00  23.00  20.00  23.05  1.26 GHz
16:02:24   0.1   0.0   0.1  99.7   0.0    1    381    238    0    0    0   0.68    0.34   0.00   0.34   0.29   0.14   0.29   0.45  23.05  23.05  26.05  23.05  21.05  25.05  27.00  23.00  23.00  20.00  23.05  1.21 GHz
16:02:25   0.1   0.0   0.1  99.7   0.0    1    378    297    0    0    0   0.81    0.40   0.00   0.40   0.29   0.16   0.29   0.55  23.05  23.05  26.05  23.05  21.05  25.05  27.00  23.00  23.00  20.00  23.05  1.26 GHz
16:02:26   0.1   0.0   0.1  99.6   0.1    1    356    223    0    0    0   0.77    0.39   0.00   0.39   0.29   0.15   0.29   0.46  23.05  23.05  26.05  23.05  21.05  25.05  27.00  22.00  23.00  20.00  23.05  1.32 GHz
16:02:27   0.0   0.0   0.3  99.7   0.0    1    342    194    0    0    0   0.67    0.33   0.00   0.33   0.29   0.13   0.29   0.41  23.05  23.05  26.05  23.05  21.05  25.05  27.00  22.00  23.00  20.00  23.05  1.24 GHz
16:02:28   0.3   0.0   0.3  99.5   0.0    1    453    270    0    0    0   0.84    0.42   0.00   0.42   0.30   0.18   0.30   0.53  23.05  23.05  26.05  23.05  21.05  25.05  27.00  22.00  23.00  20.00  23.05  1.32 GHz
16:02:29   0.3   0.0   0.4  99.4   0.0    1    398    280    0    0    0   0.85    0.42   0.00   0.42   0.29   0.21   0.29   0.50  23.05  23.05  26.05  23.05  21.05  25.05  27.00  22.00  23.00  20.00  23.05  1.27 GHz
16:02:30   0.0   0.0   0.3  99.7   0.0    1    391    239    0    0    0   0.74    0.37   0.00   0.37   0.29   0.16   0.29   0.46  23.05  23.05  26.05  23.05  21.05  25.05  27.00  23.00  23.00  20.00  23.05  1.34 GHz
16:02:31   0.0   0.0   0.1  99.9   0.0    2    328    205    0    0    0   0.66    0.33   0.00   0.33   0.29   0.11   0.29   0.43  23.05  23.05  26.05  23.05  21.05  25.05  27.00  23.00  23.00  20.00  23.05  1.25 GHz
16:02:32   0.0   0.0   0.1  99.9   0.0    1    334    195    0    0    0   0.64    0.32   0.00   0.32   0.29   0.12   0.29   0.39  23.05  23.05  26.05  23.05  21.05  25.05  27.00  23.00  23.00  20.00  23.05  1.24 GHz
16:02:33   0.2   0.0   0.5  99.2   0.0    1    434    338    0    0    0   0.86    0.43   0.00   0.43   0.29   0.17   0.29   0.56  23.05  23.05  26.05  23.05  21.05  25.05  27.00  23.00  23.00  20.00  23.05  1.23 GHz
16:02:34   0.0   0.0   0.1  99.9   0.0    1    423    259    0    0    0   0.78    0.39   0.00   0.39   0.29   0.16   0.29   0.51  23.05  23.05  26.05  23.05  21.05  25.05  27.00  23.00  23.00  20.00  23.05  1.36 GHz
16:02:35   0.1   0.0   0.3  99.6   0.0    1    348    226    0    0    0   0.73    0.37   0.00   0.37   0.29   0.16   0.29   0.45  23.05  23.05  26.05  23.05  21.05  25.05  26.00  23.00  23.00  20.00  23.05  1.32 GHz
16:02:36   0.1   0.0   0.3  99.6   0.0    1    365    218    0    0    0   0.67    0.34   0.00   0.34   0.29   0.11   0.29   0.55  23.05  23.05  26.05  23.05  21.05  25.05  27.00  23.00  23.00  20.00  23.05  1.27 GHz
16:02:37   0.1   0.0   0.5  99.4   0.0    1    357    262    0    0    0   0.71    0.35   0.00   0.35   0.34   0.15   0.34   0.42  23.05  23.05  26.05  23.05  21.05  25.05  27.00  22.00  23.00  20.00  23.05  1.30 GHz
16:02:38   0.0   0.0   0.0 100.0   0.0    1    471    302    1    0    0   0.73    0.36   0.00   0.36   0.29   0.14   0.29   0.49  23.05  23.05  26.05  23.05  21.05  25.05  27.00  22.00  23.00  20.00  23.05  1.37 GHz
16:02:39   0.0   0.0   0.3  99.7   0.0    1    399    222    0    0    0   0.67    0.33   0.00   0.33   0.29   0.12   0.29   0.43  23.05  23.05  26.05  23.05  21.05  25.05  27.00  22.00  23.00  20.00  23.05  1.25 GHz
16:02:40   0.3   0.0   0.0  99.7   0.0    1    368    221    0    0    0   0.71    0.35   0.00   0.35   0.29   0.14   0.29   0.44  23.05  23.05  26.05  23.05  21.05  25.05  27.00  22.00  23.00  20.00  23.05  1.28 GHz
16:02:41   0.0   0.0   0.3  99.7   0.0    1    423    285    0    0    0   0.74    0.37   0.00   0.37   0.29   0.17   0.29   0.43  23.05  23.05  26.05  23.05  21.05  25.05  27.00  22.00  23.00  20.00  23.05  1.32 GHz
16:02:42   0.1   0.0   0.1  99.8   0.0    1    357    207    0    0    0   0.78    0.39   0.00   0.39   0.29   0.17   0.29   0.44  23.05  23.05  26.05  23.05  21.05  25.05  27.00  23.00  23.00  20.00  23.05  1.21 GHz
16:02:43   0.0   0.0   0.3  99.7   0.0    1    463    315    0    0    0   0.68    0.34   0.00   0.34   0.29   0.11   0.29   0.47  23.05  23.05  26.05  23.05  22.05  25.05  27.00  22.00  23.00  20.00  23.05  1.30 GHz
16:02:44   0.0   0.0   0.3  99.6   0.1    1    453    290    0    0    0   0.81    0.40   0.00   0.40   0.29   0.16   0.29   0.54  23.05  23.05  26.05  23.05  22.05  25.05  27.00  23.00  23.00  20.00  23.05  1.28 GHz
16:02:45   0.1   0.0   0.3  99.6   0.0    1    381    284    0    0    0   0.79    0.39   0.00   0.39   0.29   0.17   0.29   0.50  23.05  23.05  26.05  23.05  21.05  25.05  27.00  23.00  23.00  20.00  23.05  1.28 GHz
16:02:46   0.1   0.0   0.1  99.7   0.0    1    377    236    0    0    0   0.72    0.36   0.00   0.36   0.29   0.15   0.29   0.48  23.05  23.05  26.05  23.05  21.05  25.05  27.00  24.00  23.00  20.00  23.05  1.50 GHz
16:02:47   0.2   0.0   0.1  99.6   0.0    1    329    202    0    0    0   0.63    0.32   0.00   0.32   0.29   0.12   0.29   0.40  23.05  23.05  26.05  23.05  21.05  25.05  27.00  23.00  23.00  20.00  23.05  1.34 GHz
16:02:48   0.0   0.0   0.1  99.9   0.0    1    463    308    0    0    0   0.85    0.42   0.00   0.42   0.29   0.17   0.29   0.65  23.05  23.05  26.05  23.05  21.05  25.05  27.00  23.00  23.00  20.00  23.05  1.31 GHz
16:02:49   0.1   0.0   0.3  99.6   0.0    2    386    252    0    0    0   0.74    0.37   0.00   0.37   0.29   0.16   0.29   0.47  23.05  23.05  26.05  23.05  21.05  25.05  27.00  23.00  23.00  20.00  23.05  1.36 GHz
16:02:50   0.3   0.0   0.3  99.4   0.1    1    612    395    0    0    0   1.24    0.62   0.00   0.62   0.34   0.37   0.34   0.63  23.05  23.05  26.05  23.05  21.05  25.05  27.00  24.00  23.00  20.00  23.05  1.84 GHz
16:02:51   0.0   0.0   0.0 100.0   0.0    1    364    205    0    0    0   0.66    0.33   0.00   0.33   0.29   0.14   0.29   0.40  23.05  23.05  26.05  23.05  21.05  25.05  27.00  23.00  23.00  20.00  23.05  1.22 GHz
16:02:52   0.2   0.0   0.1  99.6   0.0    1    346    212    0    0    0   0.64    0.32   0.00   0.32   0.29   0.12   0.29   0.39  23.05  23.05  26.05  23.05  21.05  25.05  27.00  24.00  23.00  20.00  23.05  1.23 GHz
16:02:53   0.1   0.0   0.1  99.7   0.0    1    385    248    0    0    0   0.73    0.37   0.00   0.37   0.29   0.14   0.29   0.46  23.05  23.05  26.05  23.05  22.05  25.05  27.00  23.00  23.00  20.00  23.05  1.23 GHz
16:02:54   0.1   0.0   0.4  99.5   0.0    1    456    335    0    0    0   0.81    0.41   0.00   0.41   0.29   0.18   0.29   0.48  23.05  23.05  26.05  23.05  22.05  25.05  27.00  23.00  23.00  20.00  23.05  1.34 GHz
16:02:55   0.4   0.0   0.3  99.4   0.0    1    380    241    0    0    0   0.84    0.42   0.00   0.42   0.30   0.17   0.30   0.57  23.05  23.05  26.05  23.05  21.05  25.05  27.00  23.00  23.00  20.00  23.05  1.47 GHz
16:02:56   0.1   0.0   0.1  99.7   0.0    1    365    221    0    0    0   0.63    0.32   0.00   0.32   0.29   0.11   0.29   0.42  23.05  23.05  26.05  23.05  21.05  25.05  27.00  23.00  23.00  20.00  23.05  1.36 GHz
16:02:57   0.0   0.0   0.3  99.7   0.0    1    348    198    0    0    0   0.64    0.32   0.00   0.32   0.29   0.13   0.29   0.41  23.05  23.05  26.05  23.05  21.05  25.05  27.00  23.00  23.00  20.00  23.05  1.25 GHz
16:02:58   0.0   0.0   0.3  99.6   0.1    1    532    331    1    0    0   0.89    0.45   0.00   0.45   0.30   0.19   0.30   0.63  23.05  23.05  26.05  23.05  21.05  25.05  27.00  22.00  23.00  20.00  23.05  1.34 GHz
16:02:59   0.4   0.0   0.0  99.6   0.0    1    354    226    0    0    0   0.69    0.34   0.00   0.34   0.29   0.14   0.29   0.43  23.05  22.05  26.05  23.05  21.05  25.05  27.00  23.00  23.00  20.00  23.05  1.22 GHz
16:03:00   0.1   0.0   0.3  99.6   0.0    1    462    291    0    0    0   0.74    0.37   0.00   0.37   0.30   0.16   0.30   0.49  23.05  22.05  26.05  23.05  21.05  25.05  27.00  23.00  23.00  20.00  23.05  1.26 GHz
16:03:01   0.1   0.0   0.1  99.7   0.0    1    313    192    0    0    0   0.62    0.31   0.00   0.31   0.29   0.11   0.29   0.40  23.05  23.05  26.05  23.05  21.05  25.05  27.00  23.00  23.00  20.00  23.05  1.25 GHz
16:03:02   0.1   0.0   0.4  99.5   0.0    1    408    295    0    0    0   0.73    0.36   0.00   0.36   0.29   0.16   0.29   0.44  23.05  23.05  26.05  23.05  21.05  25.05  27.00  23.00  23.00  20.00  23.05  1.37 GHz
16:03:03   0.1   0.0   0.0  99.9   0.0    1    381    259    0    0    0   0.71    0.35   0.00   0.35   0.29   0.12   0.29   0.50  23.05  23.05  26.05  23.05  21.05  25.05  27.00  23.00  23.00  20.00  23.05  1.24 GHz
16:03:04   0.2   0.0   0.2  99.2   0.2    1    413    272    0    0    0   0.83    0.41   0.00   0.41   0.29   0.18   0.29   0.55  23.05  23.05  26.05  23.05  21.05  25.05  27.00  23.00  23.00  20.00  23.05  1.36 GHz
16:03:05   0.4   0.0   0.3  99.4   0.0    1    354    251    0    0    0   1.04    0.52   0.00   0.52   0.30   0.30   0.30   0.50  23.05  23.05  26.05  23.05  21.05  25.05  27.00  24.00  23.00  20.00  23.05  1.64 GHz
16:03:06   0.1   0.0   0.4  99.5   0.0    1    395    301    0    0    0   0.75    0.38   0.00   0.38   0.29   0.15   0.29   0.49  23.05  23.05  26.05  23.05  21.05  25.05  27.00  22.00  23.00  20.00  23.05  1.37 GHz
16:03:07   0.0   0.0   0.1  99.9   0.0    1    299    180    0    0    0   0.63    0.31   0.00   0.31   0.29   0.13   0.29   0.40  23.05  23.05  26.05  23.05  21.05  25.05  27.00  23.00  23.00  20.00  23.05  1.26 GHz
16:03:08   0.0   0.0   0.1  99.9   0.0    1    402    272    0    0    0   0.66    0.33   0.00   0.33   0.29   0.12   0.29   0.44  23.05  23.05  26.05  23.05  21.05  25.05  27.00  23.00  23.00  20.00  23.05  1.24 GHz
16:03:09   0.0   0.0   0.1  99.9   0.0    1    344    234    0    0    0   0.81    0.40   0.00   0.40   0.29   0.15   0.29   0.56  23.05  23.05  26.05  23.05  21.05  25.05  27.00  22.00  23.00  20.00  23.05  1.20 GHz
16:03:10   0.4   0.0   0.4  99.2   0.0    1    459    331    0    0    0   0.96    0.48   0.00   0.48   0.30   0.26   0.30   0.52  23.05  23.05  26.05  23.05  21.05  25.05  27.00  24.00  23.00  20.00  23.05  1.47 GHz
16:03:11   0.1   0.0   0.0  99.9   0.0    1    320    193    0    0    0   0.64    0.32   0.00   0.32   0.29   0.12   0.29   0.40  23.05  23.05  26.05  23.05  21.05  25.05  27.00  23.00  23.00  20.00  23.05  1.33 GHz
16:03:12   0.2   0.0   0.1  99.6   0.0    1    352    222    0    0    0   0.62    0.31   0.00   0.31   0.29   0.12   0.29   0.38  23.05  23.05  26.05  23.05  21.05  25.05  27.00  23.00  23.00  20.00  23.05  1.30 GHz
16:03:13   0.0   0.0   0.1  99.9   0.0    1    392    243    0    0    0   0.73    0.37   0.00   0.37   0.29   0.15   0.29   0.43  23.05  23.05  26.05  23.05  21.05  25.05  27.00  23.00  23.00  20.00  23.05  1.35 GHz
16:03:14   0.0   0.0   0.1  99.9   0.0    1    477    358    0    0    0   0.88    0.44   0.00   0.44   0.29   0.19   0.29   0.59  23.05  23.05  26.05  23.05  21.05  25.05  27.00  24.00  23.00  20.00  23.05  1.35 GHz
16:03:15   0.3   0.0   0.3  99.5   0.0    1    343    220    0    0    0   0.76    0.38   0.00   0.38   0.29   0.17   0.29   0.43  23.05  23.05  26.05  23.05  21.05  25.05  27.00  24.00  23.00  20.00  23.05  1.39 GHz
16:03:16   0.1   0.0   0.1  99.7   0.0    1    419    247    0    0    0   0.69    0.35   0.00   0.35   0.29   0.14   0.29   0.44  23.05  23.05  26.05  23.05  21.05  25.05  27.00  22.00  23.00  20.00  23.05  1.28 GHz
16:03:17   0.0   0.0   0.0 100.0   0.0    1    309    180    0    0    0   0.58    0.29   0.00   0.29   0.29   0.09   0.29   0.39  23.05  23.05  26.05  23.05  21.05  25.05  27.00  22.00  23.00  20.00  23.05  1.31 GHz
16:03:18   0.0   0.0   0.1  99.9   0.0    1    431    315    0    0    0   0.76    0.38   0.00   0.38   0.29   0.16   0.29   0.50  23.05  23.05  26.05  23.05  21.05  25.05  27.00  23.00  23.00  20.00  23.05  1.35 GHz
16:03:19   0.1   0.0   0.3  99.5   0.1    1    385    263    0    0    0   0.80    0.40   0.00   0.40   0.29   0.13   0.29   0.60  23.05  23.05  26.05  23.05  21.05  25.05  27.00  22.00  23.00  20.00  23.05  1.26 GHz
16:03:20   0.3   0.0   0.1  99.6   0.0    1    415    275    0    0    0   0.78    0.39   0.00   0.39   0.29   0.18   0.29   0.48  23.05  23.05  26.05  23.05  21.05  25.05  27.00  24.00  23.00  20.00  23.05  1.21 GHz
16:03:21   0.0   0.0   0.1  99.9   0.0    1    354    209    0    0    0   0.65    0.33   0.00   0.33   0.29   0.12   0.29   0.42  23.05  23.05  26.05  23.05  21.05  25.05  27.00  23.00  23.00  20.00  23.05  1.28 GHz
16:03:22   0.1   0.0   0.3  99.6   0.0    2    400    277    0    0    0   0.76    0.38   0.00   0.38   0.29   0.18   0.29   0.42  23.05  23.05  26.05  23.05  21.05  25.05  27.00  23.00  23.00  20.00  23.05  1.36 GHz
16:03:23   0.0   0.0   0.1  99.9   0.0    1    356    236    0    0    0   0.65    0.33   0.00   0.33   0.29   0.12   0.29   0.41  23.05  23.05  26.05  23.05  21.05  25.05  27.00  24.00  23.00  20.00  23.05  1.32 GHz
16:03:24   0.1   0.0   0.3  99.6   0.0    1    425    258    0    0    0   0.76    0.38   0.00   0.38   0.29   0.14   0.29   0.48  23.05  23.05  26.05  23.05  21.05  25.05  27.00  24.00  23.00  20.00  23.05  1.25 GHz
16:03:25   0.1   0.0   0.1  99.7   0.0    1    333    213    0    0    0   0.69    0.35   0.00   0.35   0.29   0.12   0.29   0.45  23.05  23.05  26.05  23.05  21.05  25.05  27.00  23.00  23.00  20.00  23.05  1.28 GHz
16:03:26   0.3   0.0   0.4  99.4   0.0    1    404    292    0    0    0   0.80    0.40   0.00   0.40   0.29   0.18   0.29   0.48  23.05  23.05  26.05  23.05  21.05  25.05  27.00  23.00  23.00  20.00  23.05  1.35 GHz
16:03:27   0.1   0.0   0.3  99.6   0.0    1    338    198    0    0    0   0.66    0.33   0.00   0.33   0.29   0.13   0.29   0.42  23.05  23.05  26.05  23.05  21.05  25.05  27.00  22.00  23.00  20.00  23.05  1.29 GHz
16:03:28   0.0   0.0   0.1  99.9   0.0    1    454    252    0    0    0   0.72    0.36   0.00   0.36   0.29   0.15   0.29   0.45  23.05  23.05  26.05  23.05  21.05  25.05  27.00  22.00  23.00  20.00  23.05  1.24 GHz
16:03:29   0.1   0.0   0.0  99.9   0.0    1    367    228    0    0    0   0.72    0.36   0.00   0.36   0.29   0.13   0.29   0.47  23.05  23.05  26.05  23.05  21.05  25.05  27.00  24.00  23.00  20.00  23.05  1.25 GHz
16:03:30   0.1   0.0   0.5  99.2   0.1    1    447    329    0    0    0   0.95    0.47   0.00   0.47   0.30   0.23   0.30   0.57  23.05  23.05  26.05  23.05  22.05  25.05  27.00  23.00  23.00  20.00  23.05  1.50 GHz
16:03:31   0.1   0.0   0.0  99.9   0.0    1    369    215    0    0    0   0.62    0.31   0.00   0.31   0.29   0.12   0.29   0.42  23.05  23.05  26.05  23.05  22.05  25.05  27.00  23.00  23.00  20.00  23.05  1.29 GHz
16:03:32   0.1   0.0   0.1  99.7   0.0    1    345    202    0    0    0   0.65    0.32   0.00   0.32   0.29   0.12   0.29   0.40  23.05  23.05  26.05  23.05  22.05  25.05  27.00  23.00  23.00  20.00  23.05  1.29 GHz
16:03:33   0.1   0.0   0.3  99.6   0.0    1    381    232    0    0    0   0.66    0.33   0.00   0.33   0.29   0.13   0.29   0.41  23.05  23.05  26.05  23.05  22.05  25.05  27.00  24.00  23.00  20.00  23.05  1.29 GHz
16:03:34   0.1   0.0   0.4  99.5   0.0    1    456    318    0    0    0   0.85    0.42   0.00   0.42   0.29   0.18   0.29   0.55  23.05  23.05  26.05  23.05  21.05  25.05  27.00  23.00  23.00  20.00  23.05  1.32 GHz
16:03:35   0.3   0.0   0.1  99.6   0.0    1    370    238    0    0    0   0.94    0.47   0.00   0.47   0.30   0.22   0.30   0.57  23.05  23.05  26.05  23.05  21.05  25.05  28.00  22.00  23.00  20.00  23.05  1.43 GHz
16:03:36   0.0   0.0   0.0 100.0   0.0    1    337    194    0    0    0   0.69    0.35   0.00   0.35   0.29   0.15   0.29   0.42  23.05  22.05  26.05  23.05  21.05  25.05  27.00  23.00  23.00  20.00  23.05  1.55 GHz
16:03:37   0.0   0.0   0.1  99.9   0.0    1    324    189    0    0    0   0.64    0.32   0.00   0.32   0.29   0.12   0.29   0.41  23.05  22.05  26.05  23.05  21.05  25.05  27.00  23.00  23.00  20.00  23.05  1.26 GHz
16:03:38   0.1   0.0   0.4  99.5   0.0    1    456    341    0    0    0   0.80    0.40   0.00   0.40   0.29   0.18   0.29   0.50  23.05  23.05  26.05  23.05  21.05  25.05  27.00  24.00  23.00  20.00  23.05  1.39 GHz
16:03:39   0.1   0.0   0.0  99.7   0.1    1    363    237    0    0    0   0.70    0.35   0.00   0.35   0.29   0.13   0.29   0.51  23.05  23.05  26.05  23.05  21.05  25.05  28.00  23.00  23.00  20.00  23.05  1.29 GHz
16:03:40   0.4   0.0   0.4  99.3   0.0    1    379    253    0    0    0   0.71    0.35   0.00   0.35   0.29   0.15   0.29   0.47  23.05  23.05  26.05  23.05  21.05  25.05  27.00  24.00  23.00  20.00  23.05  1.25 GHz
16:03:41   0.3   0.0   0.1  99.6   0.0    1    338    200    0    0    0   0.66    0.33   0.00   0.33   0.29   0.13   0.29   0.41  23.05  23.05  26.05  23.05  21.05  25.05  27.00  24.00  23.00  20.00  23.05  1.24 GHz
16:03:42   0.1   0.0   0.4  99.5   0.0    2    386    276    0    0    0   0.77    0.39   0.00   0.39   0.29   0.18   0.29   0.44  23.05  23.05  26.05  23.05  21.05  25.05  27.00  23.00  23.00  20.00  23.05  1.36 GHz
16:03:43   0.0   0.0   0.0 100.0   0.0    1    386    248    0    0    0   0.66    0.33   0.00   0.33   0.29   0.12   0.29   0.41  23.05  23.05  26.05  23.05  21.05  25.05  27.00  23.00  23.00  20.00  23.05  1.23 GHz
16:03:44   0.1   0.0   0.1  99.7   0.0    1    388    228    0    0    0   0.72    0.36   0.00   0.36   0.29   0.13   0.29   0.48  23.05  23.05  26.05  23.05  22.05  25.05  27.00  22.00  23.00  20.00  23.05  1.21 GHz
16:03:45   0.4   0.0   0.2  99.2   0.1    1    368    244    0    0    0   0.90    0.45   0.00   0.45   0.30   0.20   0.30   0.56  23.05  23.05  26.05  23.05  22.05  25.05  27.00  23.00  23.00  20.00  23.05  1.20 GHz
16:03:46   0.1   0.0   0.4  99.5   0.0    1    477    382    0    0    0   0.86    0.43   0.00   0.43   0.29   0.20   0.29   0.52  23.05  23.05  26.05  23.05  21.05  25.05  27.00  23.00  23.00  20.00  23.05  1.43 GHz
16:03:47   0.1   0.0   0.1  99.7   0.0    1    325    205    0    0    0   0.66    0.33   0.00   0.33   0.29   0.13   0.29   0.41  23.05  23.05  26.05  23.05  21.05  25.05  27.00  23.00  23.00  20.00  23.05  1.27 GHz
16:03:48   0.1   0.0   0.3  99.6   0.0    1    362    231    0    0    0   0.64    0.32   0.00   0.32   0.29   0.12   0.29   0.43  23.05  23.05  26.05  23.05  21.05  25.05  27.00  23.00  23.00  20.00  23.05  1.20 GHz
16:03:49   0.1   0.0   0.3  99.6   0.0    1    361    228    0    0    0   0.67    0.34   0.00   0.34   0.29   0.12   0.29   0.49  23.05  23.05  26.05  23.05  21.05  25.05  27.00  23.00  23.00  20.00  23.05  1.20 GHz
16:03:50   0.8   0.0   0.4  98.7   0.1    1    432    330    0    0    0   1.49    0.75   0.00   0.75   0.30   0.48   0.30   0.75  23.05  22.05  26.05  23.05  21.05  25.05  27.00  24.00  23.00  20.00  23.05  1.72 GHz
16:03:51   0.1   0.0   0.0  99.9   0.0    1    391    242    0    0    0   0.71    0.36   0.00   0.36   0.29   0.13   0.29   0.50  23.05  22.05  27.05  23.05  21.05  25.05  27.00  23.00  23.00  20.00  23.05  1.29 GHz
16:03:52   0.1   0.0   0.2  99.6   0.0    1    438    279    0    0    0   0.73    0.37   0.00   0.37   0.29   0.15   0.29   0.50  23.05  22.05  27.05  23.05  21.05  25.05  27.00  23.00  23.00  20.00  23.05  1.25 GHz
16:03:53   0.1   0.0   0.1  99.7   0.0    1    363    213    0    0    0   0.65    0.32   0.00   0.32   0.29   0.12   0.29   0.39  23.05  22.05  26.05  23.05  21.05  25.05  27.00  24.00  23.00  20.00  23.05  1.33 GHz
16:03:54   0.1   0.0   0.4  99.5   0.0    1    471    343    0    0    0   0.80    0.40   0.00   0.40   0.29   0.18   0.29   0.49  23.05  23.05  26.05  23.05  21.05  25.05  27.00  23.00  23.00  20.00  23.05  1.34 GHz
16:03:55   0.3   0.0   0.0  99.7   0.0    1    373    233    0    0    0   0.74    0.37   0.00   0.37   0.29   0.13   0.29   0.50  23.05  23.05  26.05  23.05  21.05  25.05  27.00  23.00  23.00  20.00  23.05  1.20 GHz
16:03:56   0.1   0.0   0.1  99.6   0.1    1    375    256    0    0    0   0.78    0.39   0.00   0.39   0.29   0.15   0.29   0.52  23.05  23.05  26.05  23.05  21.05  25.05  27.00  23.00  23.00  20.00  23.05  1.27 GHz
16:03:57   0.0   0.0   0.1  99.9   0.0    1    333    191    0    0    0   0.63    0.32   0.00   0.32   0.29   0.11   0.29   0.42  23.05  23.05  26.05  23.05  22.05  25.05  27.00  23.00  23.00  20.00  23.05  1.28 GHz
16:03:58   0.0   0.0   0.1  99.9   0.0    1    490    300    0    0    0   0.77    0.38   0.00   0.38   0.29   0.17   0.29   0.49  23.05  23.05  26.05  23.05  22.05  25.05  27.00  24.00  23.00  20.00  23.05  1.29 GHz
16:03:59   0.0   0.0   0.3  99.7   0.0    1    348    221    0    0    0   0.65    0.33   0.00   0.33   0.29   0.12   0.29   0.44  23.05  23.05  26.05  23.05  21.05  25.05  27.00  23.00  23.00  20.00  23.05  1.24 GHz
16:04:00   0.5   0.0   0.0  99.5   0.0    1    399    249    0    0    0   0.82    0.41   0.00   0.41   0.30   0.17   0.30   0.58  23.05  23.05  26.05  23.05  21.05  25.05  27.00  23.00  23.00  20.00  23.05  1.30 GHz
16:04:01   0.1   0.0   0.3  99.6   0.0    1    347    213    0    0    0   0.68    0.34   0.00   0.34   0.29   0.12   0.29   0.47  23.05  23.05  26.05  23.05  21.05  25.05  27.00  23.00  23.00  20.00  23.05  1.28 GHz
16:04:02   0.1   0.0   0.4  99.5   0.0    1    429    283    0    0    0   0.76    0.38   0.00   0.38   0.29   0.17   0.29   0.46  23.05  23.05  26.05  23.05  21.05  25.05  27.00  23.00  23.00  20.00  23.05  1.32 GHz
16:04:03   0.0   0.0   0.0 100.0   0.0    1    340    215    0    0    0   0.65    0.32   0.00   0.32   0.29   0.11   0.29   0.40  23.05  23.05  26.05  23.05  21.05  25.05  27.00  24.00  23.00  20.00  23.05  1.26 GHz
16:04:04   0.1   0.0   0.1  99.7   0.0    1    391    220    0    0    0   0.65    0.33   0.00   0.33   0.29   0.12   0.29   0.42  23.05  23.05  26.05  23.05  21.05  25.05  27.00  23.00  23.00  20.00  23.05  1.20 GHz
16:04:05   0.1   0.0   0.6  99.1   0.1    1    350    238    0    0    0   0.82    0.41   0.00   0.41   0.29   0.16   0.29   0.59  23.05  22.05  26.05  23.05  21.05  25.05  27.00  24.00  23.00  20.00  23.05  1.38 GHz
16:04:06   0.1   0.0   0.1  99.7   0.0    1    465    330    0    0    0   0.83    0.41   0.00   0.41   0.29   0.19   0.29   0.59  23.05  22.05  26.05  23.05  21.05  25.05  27.00  25.00  23.00  20.00  23.05  1.40 GHz
16:04:07   0.0   0.0   0.3  99.7   0.0    1    308    197    0    0    0   0.72    0.36   0.00   0.36   0.29   0.15   0.29   0.40  23.05  23.05  26.05  23.05  21.05  25.05  27.00  23.00  23.00  20.00  23.05  1.39 GHz
16:04:08   0.0   0.0   0.1  99.9   0.0    1    379    220    0    0    0   0.66    0.33   0.00   0.33   0.29   0.12   0.29   0.43  23.05  23.05  26.05  23.05  21.05  25.05  27.00  21.00  23.00  20.00  23.05  1.24 GHz
16:04:09   0.0   0.0   0.1  99.9   0.0    1    334    191    0    0    0   0.67    0.34   0.00   0.34   0.29   0.14   0.29   0.41  23.05  23.05  26.05  23.05  21.05  25.05  26.00  23.00  23.00  20.00  23.05  1.28 GHz
16:04:10   0.6   0.0   0.4  99.0   0.0    1    503    372    0    0    0   1.09    0.55   0.00   0.55   0.30   0.26   0.30   0.76  23.05  23.05  26.05  23.05  21.05  25.05  27.00  23.00  23.00  20.00  23.05  1.37 GHz
16:04:11   0.1   0.0   0.2  99.6   0.0    1    342    211    0    0    0   0.64    0.32   0.00   0.32   0.29   0.12   0.29   0.41  23.05  23.05  26.05  23.05  21.05  25.05  27.00  23.00  23.00  20.00  23.05  1.33 GHz
16:04:12   0.0   0.0   0.1  99.9   0.0    1    365    198    0    0    0   0.67    0.33   0.00   0.33   0.29   0.14   0.29   0.40  23.05  23.05  26.05  23.05  21.05  25.05  27.00  23.00  23.00  20.00  23.05  1.24 GHz
16:04:13   0.1   0.0   0.1  99.7   0.0    1    377    228    0    0    0   0.67    0.33   0.00   0.33   0.29   0.12   0.29   0.42  23.05  23.05  26.05  23.05  21.05  25.05  27.00  23.00  23.00  20.00  23.05  1.23 GHz
16:04:14   0.1   0.0   0.6  99.2   0.0    1    425    294    0    0    0   0.82    0.41   0.00   0.41   0.29   0.19   0.29   0.48  23.05  23.05  26.05  23.05  21.05  25.05  27.00  23.00  23.00  20.00  23.05  1.28 GHz
16:04:15   0.1   0.0   0.1  99.7   0.0    1    373    238    0    0    0   0.78    0.39   0.00   0.39   0.29   0.15   0.29   0.50  23.05  23.05  26.05  23.05  21.05  25.05  27.00  24.00  23.00  20.00  23.05  1.10 GHz
16:04:16   0.1   0.0   0.3  99.5   0.1    1    433    287    0    0    0   0.72    0.36   0.00   0.36   0.29   0.12   0.29   0.57  23.05  23.05  26.05  23.05  21.05  25.05  27.00  23.00  23.00  20.00  23.05  1.20 GHz
16:04:17   0.0   0.0   0.0 100.0   0.0    1    312    183    0    0    0   0.61    0.30   0.00   0.30   0.29   0.10   0.29   0.41  23.05  23.05  26.05  23.05  21.05  25.05  27.00  23.00  23.00  20.00  23.05  1.39 GHz
16:04:18   0.0   0.0   0.1  99.9   0.0    1    485    341    0    0    0   0.79    0.39   0.00   0.39   0.29   0.16   0.29   0.55  23.05  23.05  26.05  23.05  21.05  25.05  27.00  23.00  23.00  20.00  23.05  1.36 GHz
16:04:19   0.1   0.0   0.3  99.6   0.0    1    340    213    0    0    0   0.63    0.31   0.00   0.31   0.29   0.12   0.29   0.43  23.05  23.05  26.05  23.05  21.05  25.05  27.00  22.00  23.00  20.00  23.05  1.32 GHz
16:04:20   1.1   0.0   0.1  98.7   0.0    2    391    256    0    0    0   2.01    1.00   0.00   1.00   0.31   0.75   0.31   0.83  23.05  23.05  26.05  23.05  21.05  25.05  32.00  23.00  23.00  20.00  23.05  1.72 GHz
16:04:21   0.1   0.0   0.0  99.9   0.0    1    376    225    0    0    0   1.36    0.68   0.00   0.68   0.31   0.46   0.31   0.53  23.05  23.05  28.05  23.05  21.05  25.05  27.00  23.00  23.00  20.00  23.05  2.38 GHz
16:04:22   0.1   0.0   0.4  99.5   0.0    1    419    289    0    0    0   0.77    0.38   0.00   0.38   0.29   0.18   0.29   0.43  23.05  23.05  27.05  23.05  21.05  25.05  27.00  23.00  23.00  20.00  23.05  1.31 GHz
16:04:23   0.0   0.0   0.1  99.9   0.0    1    343    212    0    0    0   0.66    0.33   0.00   0.33   0.29   0.13   0.29   0.37  23.05  23.05  27.05  23.05  21.05  25.05  27.00  23.00  23.00  20.00  23.05  1.28 GHz
16:04:24   0.0   0.0   0.3  99.7   0.0    3    402    244    0    0    0   0.69    0.35   0.00   0.35   0.29   0.13   0.29   0.45  23.05  23.05  27.05  23.05  21.05  25.05  27.00  23.00  23.00  20.00  23.05  1.21 GHz
16:04:25   0.5   0.0   0.2  99.2   0.0    1    351    222    0    0    0   0.72    0.36   0.00   0.36   0.32   0.15   0.32   0.45  23.05  22.05  26.05  23.05  21.05  25.05  27.00  24.00  23.00  20.00  23.05  1.26 GHz
16:04:26   0.0   0.0   0.1  99.7   0.1    1    427    313    0    0    0   0.80    0.40   0.00   0.40   0.29   0.15   0.29   0.50  23.05  22.05  26.05  23.05  21.05  25.05  27.00  23.00  23.00  20.00  23.05  1.32 GHz
16:04:27   0.1   0.0   0.1  99.7   0.0    1    334    192    0    0    0   0.62    0.31   0.00   0.31   0.29   0.11   0.29   0.41  23.05  23.05  26.05  23.05  21.05  25.05  27.00  23.00  23.00  20.00  23.05  1.27 GHz
16:04:28   0.4   0.0   0.1  99.5   0.0    1    600    311    0    0    0   0.80    0.40   0.00   0.40   0.30   0.19   0.30   0.47  23.05  23.05  26.05  23.05  21.05  25.05  28.00  23.00  23.00  20.00  23.05  1.38 GHz
16:04:29   0.3   0.0   0.0  99.7   0.0    1    351    221    0    0    0   0.79    0.39   0.00   0.39   0.29   0.17   0.29   0.46  23.05  23.05  26.05  23.05  21.05  25.05  27.00  23.00  23.00  20.00  23.05  1.43 GHz
16:04:30   0.3   0.0   0.4  99.4   0.0    1    478    344    0    0    0   0.86    0.43   0.00   0.43   0.30   0.19   0.30   0.52  23.05  23.05  26.05  23.05  21.05  25.05  27.00  22.00  23.00  20.00  23.05  1.34 GHz
16:04:31   0.0   0.0   0.0 100.0   0.0    1    353    219    1    0    0   0.69    0.34   0.00   0.34   0.29   0.13   0.29   0.48  23.05  23.05  26.05  23.05  21.05  25.05  27.00  23.00  23.00  20.00  23.05  1.24 GHz
16:04:32   0.1   0.0   0.1  99.7   0.0    1    356    199    0    0    0   0.64    0.32   0.00   0.32   0.29   0.12   0.29   0.41  23.05  23.05  26.05  23.05  21.05  25.05  27.00  23.00  23.00  20.00  23.05  1.21 GHz
16:04:33   0.1   0.0   0.2  99.6   0.0    1    332    200    0    0    0   0.69    0.34   0.00   0.34   0.29   0.14   0.29   0.38  23.05  23.05  26.05  23.05  21.05  25.05  27.00  24.00  23.00  20.00  23.05  1.20 GHz
16:04:34   0.1   0.0   0.4  99.4   0.1    1    447    310    0    0    0   0.76    0.38   0.00   0.38   0.29   0.14   0.29   0.52  23.05  23.05  26.05  23.05  21.05  25.05  27.00  22.00  23.00  20.00  23.05  1.25 GHz
16:04:35   1.6   0.0   0.3  98.1   0.0    1    404    285    0    0    0   3.07    1.53   0.00   1.53   0.31   1.29   0.31   1.00  23.05  23.05  26.05  23.05  21.05  25.05  27.00  23.00  23.00  20.00  23.05  1.89 GHz
16:04:36   0.0   0.0   0.1  99.9   0.0    1    413    243    0    0    0   0.74    0.37   0.00   0.37   0.29   0.15   0.29   0.52  23.05  23.05  30.05  23.05  21.05  25.05  27.00  23.00  23.00  20.00  23.05  1.31 GHz
16:04:37   0.1   0.0   0.1  99.7   0.0    1    309    188    0    0    0   0.60    0.30   0.00   0.30   0.29   0.09   0.29   0.41  23.05  23.05  28.05  23.05  21.05  25.05  27.00  22.00  23.00  20.00  23.05  1.31 GHz
16:04:38   0.3   0.0   0.1  99.6   0.0    1    459    331    0    0    0   0.76    0.38   0.00   0.38   0.29   0.17   0.29   0.50  23.05  23.05  27.05  23.05  21.05  25.05  27.00  24.00  23.00  20.00  23.05  1.30 GHz
16:04:39   0.1   0.0   0.1  99.7   0.0    1    356    223    0    0    0   0.67    0.33   0.00   0.33   0.29   0.11   0.29   0.48  23.05  23.05  27.05  23.05  21.05  25.05  27.00  23.00  23.00  20.00  23.05  1.32 GHz
16:04:40   0.3   0.0   0.4  99.4   0.0    1    435    278    0    0    0   0.78    0.39   0.00   0.39   0.30   0.17   0.30   0.49  23.05  23.05  27.05  23.05  22.05  25.05  27.00  24.00  23.00  20.00  23.05  1.29 GHz
16:04:41   0.0   0.0   0.1  99.9   0.0    1    324    197    0    0    0   0.67    0.33   0.00   0.33   0.29   0.12   0.29   0.46  23.05  23.05  26.05  23.05  22.05  25.05  27.00  23.00  23.00  20.00  23.05  1.30 GHz
16:04:42   0.0   0.0   0.3  99.7   0.0    1    417    288    0    0    0   0.78    0.39   0.00   0.39   0.29   0.18   0.29   0.46  23.05  23.05  26.05  23.05  22.05  25.05  27.00  24.00  23.00  20.00  23.05  1.30 GHz
16:04:43   0.2   0.0   0.2  99.5   0.0    1    361    216    0    0    0   0.65    0.33   0.00   0.33   0.29   0.13   0.29   0.39  23.05  23.05  26.05  23.05  22.05  25.05  27.00  23.00  23.00  20.00  23.05  1.33 GHz
16:04:44   0.0   0.0   0.0 100.0   0.0    1    366    205    0    0    0   0.67    0.33   0.00   0.33   0.29   0.12   0.29   0.41  23.05  23.05  26.05  23.05  21.05  25.05  28.00  24.00  23.00  20.00  23.05  1.20 GHz
16:04:45   0.1   0.0   0.3  99.6   0.0    1    380    241    0    0    0   0.72    0.36   0.00   0.36   0.29   0.14   0.29   0.47  23.05  23.05  26.05  23.05  21.05  25.05  27.00  23.00  23.00  20.00  23.05  1.10 GHz
16:04:46   0.1   0.0   0.5  99.2   0.1    1    463    356    0    0    0   0.95    0.47   0.00   0.47   0.29   0.22   0.29   0.63  23.05  23.05  26.05  23.05  21.05  25.05  27.00  23.00  23.00  20.00  23.05  1.27 GHz
16:04:47   0.0   0.0   0.1  99.9   0.0    2    304    181    0    0    0   0.62    0.31   0.00   0.31   0.29   0.09   0.29   0.40  23.05  23.05  26.05  23.05  21.05  25.05  27.00  24.00  23.00  20.00  23.05  1.28 GHz
16:04:48   0.1   0.0   0.1  99.7   0.0    1    398    247    0    0    0   0.71    0.35   0.00   0.35   0.29   0.13   0.29   0.49  23.05  23.05  26.05  23.05  21.05  25.05  27.00  24.00  23.00  20.00  23.05  1.20 GHz
16:04:49   0.1   0.0   0.3  99.6   0.0    1    334    200    0    0    0   0.67    0.34   0.00   0.34   0.29   0.13   0.29   0.42  23.05  23.05  26.05  23.05  21.05  25.05  27.00  24.00  23.00  20.00  23.05  1.28 GHz
16:04:50   0.0   0.0   0.3  99.7   0.0    1    479    372    0    0    0   0.88    0.44   0.00   0.44   0.29   0.22   0.29   0.56  23.05  23.05  26.05  23.05  21.05  25.05  27.00  23.00  23.00  20.00  23.05  1.36 GHz
16:04:51   0.1   0.0   0.1  99.7   0.0    1    354    232    0    0    0   0.72    0.36   0.00   0.36   0.29   0.13   0.29   0.54  23.05  23.05  26.05  23.05  21.05  25.05  27.00  23.00  23.00  20.00  23.05  1.33 GHz
16:04:52   0.1   0.0   0.1  99.7   0.0    1    407    249    0    0    0   0.68    0.34   0.00   0.34   0.29   0.14   0.29   0.49  23.05  23.05  26.05  23.05  21.05  25.05  27.00  23.00  23.00  20.00  23.05  1.28 GHz
16:04:53   0.0   0.0   0.1  99.7   0.1    2    372    240    0    0    0   0.67    0.34   0.00   0.34   0.29   0.11   0.29   0.49  23.05  23.05  26.05  23.05  21.05  25.05  27.00  23.00  23.00  20.00  23.05  1.29 GHz
16:04:54   0.1   0.0   0.4  99.5   0.0    1    445    341    0    0    0   0.81    0.41   0.00   0.41   0.30   0.18   0.30   0.44  23.05  23.05  26.05  23.05  21.05  25.05  27.00  23.00  23.00  20.00  23.05  1.25 GHz
16:04:55   0.1   0.0   0.3  99.6   0.0    1    359    222    0    0    0   0.74    0.37   0.00   0.37   0.29   0.15   0.29   0.45  23.05  23.05  26.05  23.05  21.05  25.05  27.00  24.00  23.00  20.00  23.05  1.26 GHz
16:04:56   0.0   0.0   0.1  99.9   0.0    1    389    239    0    0    0   0.73    0.36   0.00   0.36   0.29   0.14   0.29   0.51  23.05  23.05  26.05  23.05  21.05  25.05  27.00  24.00  23.00  20.00  23.05  1.30 GHz
16:04:57   0.0   0.0   0.4  99.6   0.0    1    334    191    0    0    0   0.62    0.31   0.00   0.31   0.29   0.11   0.29   0.41  23.05  23.05  26.05  23.05  21.05  25.05  27.00  23.00  23.00  20.00  23.05  1.33 GHz
16:04:58   0.1   0.0   0.3  99.6   0.0    1    522    340    0    0    0   0.88    0.44   0.00   0.44   0.29   0.18   0.29   0.61  23.05  22.05  26.05  23.05  21.05  25.05  27.00  24.00  23.00  20.00  23.05  1.25 GHz
16:04:59   0.1   0.0   0.3  99.6   0.0    1    385    275    0    0    0   0.69    0.34   0.00   0.34   0.29   0.13   0.29   0.45  23.05  22.05  26.05  23.05  21.05  25.05  27.00  23.00  23.00  20.00  23.05  1.28 GHz
16:05:00   0.4   0.0   0.2  99.4   0.0    1    403    261    0    0    0   0.72    0.36   0.00   0.36   0.30   0.15   0.30   0.48  23.05  23.05  26.05  23.05  21.05  25.05  27.00  23.00  23.00  20.00  23.05  1.24 GHz
16:05:01   0.1   0.0   0.1  99.7   0.0    1    324    193    0    0    0   0.68    0.34   0.00   0.34   0.29   0.13   0.29   0.42  23.05  23.05  26.05  23.05  21.05  25.05  27.00  23.00  23.00  20.00  23.05  1.21 GHz
16:05:02   0.0   0.0   0.3  99.7   0.0    1    405    279    0    0    0   0.79    0.39   0.00   0.40   0.29   0.19   0.29   0.48  23.05  22.05  26.05  23.05  21.05  25.05  27.00  22.00  23.00  20.00  23.05  1.25 GHz
16:05:03   0.0   0.0   0.1  99.9   0.0    2    370    219    0    0    0   0.67    0.34   0.00   0.33   0.29   0.15   0.29   0.38  23.05  22.05  26.05  23.05  21.05  25.05  27.00  22.00  23.00  20.00  23.05  1.32 GHz
16:05:04   0.1   0.0   0.0  99.9   0.0    1    415    245    0    0    0   0.76    0.38   0.00   0.38   0.29   0.18   0.29   0.42  23.05  23.05  26.05  23.05  21.05  25.05  27.00  23.00  23.00  20.00  23.05  1.39 GHz
16:05:05   0.4   0.0   0.2  99.4   0.0    1    373    232    0    0    0   0.70    0.35   0.00   0.35   0.29   0.14   0.29   0.44  23.05  23.05  26.05  23.05  21.05  25.05  27.00  23.00  23.00  20.00  23.05  1.28 GHz
16:05:06   0.1   0.0   0.4  99.4   0.1    1    496    363    0    0    0   0.90    0.45   0.00   0.45   0.29   0.18   0.29   0.66  23.05  23.05  26.05  23.05  21.05  25.05  27.00  23.00  23.00  20.00  23.05  1.29 GHz
16:05:07   0.1   0.0   0.1  99.7   0.0    1    309    192    0    0    0   0.66    0.33   0.00   0.33   0.29   0.10   0.29   0.46  23.05  23.05  26.05  23.05  21.05  25.05  27.00  23.00  23.00  20.00  23.05  1.31 GHz
16:05:08   0.0   0.0   0.1  99.9   0.0    1    368    215    0    0    0   0.71    0.35   0.00   0.35   0.29   0.14   0.29   0.42  23.05  23.05  26.05  23.05  21.05  25.05  28.00  24.00  23.00  20.00  23.05  1.23 GHz
16:05:09   0.0   0.0   0.1  99.9   0.0    1    380    251    0    0    0   0.71    0.36   0.00   0.36   0.29   0.14   0.29   0.47  23.05  23.05  26.05  23.05  21.05  25.05  27.00  23.00  23.00  20.00  23.05  1.23 GHz
-------- ----- ----- ----- ----- ----- ---- ------ ------ ---- ---- ---- ------  ------ ------ ------ ------ ------ ------ ------ ------ ------ ------ ------ ------ ------ ------ ------ ------ ------ ------ ---------
 Average   0.1   0.0   0.2  99.7   0.0  1.1  389.0  251.1  0.0  0.0  0.0   0.77    0.38   0.00   0.38   0.29   0.16   0.29   0.48  23.05  22.97  26.13  23.05  21.14  25.05  27.03  23.02  23.00  20.00  23.05  1.31 GHz
 GeoMean   0.0   0.0   0.0  99.7   0.0  1.0  385.7  246.7  0.0  0.0  0.0   0.75    0.37   0.00   0.37   0.29   0.15   0.29   0.47  23.05  22.97  26.13  23.05  21.14  25.05  27.03  23.01  23.00  20.00  23.05  1.30 GHz
  StdDev   0.2   0.0   0.1   0.2   0.0  0.2   52.2   48.2  0.1  0.0  0.1   0.22    0.11   0.00   0.11   0.01   0.10   0.01   0.08   0.00   0.27   0.40   0.00   0.29   0.00   0.42   0.67   0.00   0.00   0.00  0.13 GHz
-------- ----- ----- ----- ----- ----- ---- ------ ------ ---- ---- ---- ------  ------ ------ ------ ------ ------ ------ ------ ------ ------ ------ ------ ------ ------ ------ ------ ------ ------ ------ ---------
 Minimum   0.0   0.0   0.0  98.1   0.0  1.0  299.0  180.0  0.0  0.0  0.0   0.58    0.29   0.00   0.29   0.29   0.09   0.29   0.37  23.05  22.05  26.05  23.05  21.05  25.05  26.00  21.00  23.00  20.00  23.05  1.10 GHz
 Maximum   1.6   0.0   0.6 100.0   0.2  3.0  612.0  395.0  1.0  0.0  1.0   3.07    1.53   0.00   1.53   0.34   1.29   0.34   1.00  23.05  23.05  30.05  23.05  22.05  25.05  32.00  25.00  23.00  20.00  23.05  2.38 GHz
-------- ----- ----- ----- ----- ----- ---- ------ ------ ---- ---- ---- ------  ------ ------ ------ ------ ------ ------ ------ ------ ------ ------ ------ ------ ------ ------ ------ ------ ------ ------ ---------
Summary:
CPU:   0.77 Watts on average with standard deviation 0.22  
Note: power read from RAPL domains: package-0, uncore, package-0, dram, core, dram, psys.
These readings do not cover all the hardware in this device.

C-State    Resident      Count Latency 
C10         96.986%      38094     890
C9           0.020%        205     480
C8           2.079%      14103     200
C7s          0.002%         17     124
C6           0.162%       4430      85
C3           0.011%        874      70
C1E          0.071%       1798      10
C1           0.056%       2279       2
POLL         0.000%          9       0
C0           0.613%
